uerborum et locutionum.

:niumm (cfr⁴ pdncipes) 4, 2,
15, 9, 17, 11, 115, 2, 177, 14,
uminum 159.15

,111,-1111101111, 11111111 1111 195, 91

mim· 1115111111 bap 5111111 119 9

auam 55, 12, 02, p7, 55, 17, 147.
99,151,11,179,19;ι111111111,1111
29, 91, 51’,,99 55.',5 77,15,
109, 7, 155 17 15, 179, 9’1

1111511ἐαῦ«111115, 15, 59, ’11, 54,
15, mm 5, 100, 10, ’.145 90, ’11,-5,
95’. aas, a par-1¹10.40,11¹,50'
1, ιῧῗ, 17, 159. 9, ex m 95.
11,-11111111 115 150, 95, err
98, 17, 70 15,155,15’, 1151111111,
19,1’1>1·1, 19 11, 5οζ 90, 51,
15, 122. 2¹, 151, 9ὀ, = 1010 95,
5,155,1

audissmum mimi 10.21,107, 14,
intellectus 109, 19

1111111111 (2 1115111) 54, 15, 55. 1,
(= 111111) perturbans 100. 15

11115 aiem 105. 5.·5

11111 1111111111 199. 19,155, 194 11. 99

auferre 111,-1111 aliqum 34, 11, 115,
lo, nuxiffulnn aemi 89. 20,
14, 15, 54. 9, 50, 15. 19, 100,
15, 105, 2, 109, 95, 119, 15,
190, 2, 127. 7, 115, 5

ἶὲἕιῗέεὴὲἒέηῡῖὴέἒῗὲεξῖ 91. 15

11111- 511 55, 17, 111, 11, pum
115 eo. 90, rumoribus 11111111 99,
5, 15111111 100, 1, 1111111111
1111111 1 0, 5, 11111111 11 mnibus
109. 5, 1111111111 *amittam 50, 1

11111 et argenti 11151111 90, 5, ex
mu et argento 111111111111111 19, 10

1111151111 190, 1, 111111 8990

1111 mmm utut 9, 1, 50, 11;
151, 5, 150 11, 11011 (111) *aut
— 1119) 908, 107, 11. 12; 157,
,159,19,151. 7,1111ἶ 11111 (1111
περι-1111411591.) 91, 5, 95, 10,
55, 5, 55, 9, 77. 5, 79, 90, 91,
97, 91, 10. 9ο, 155, 5, 155. 5,
149. 7, zue — 1115 - nel — 11
150. 15, m 11- aut 11 171,
15. 20, 115...1115111 151, 10,
m 51111195, 15, 11114, 10Δ 11,
ἐξ, i1³5, 91, 15, 55, 9. 12, 109,

ntem 5, 15, 9, 1,10. 15, 50, 4,

εἶτ. bailius 1 ,

 

255

105, 15, 119, 16, 155. 9, 145.
10, 11111 12,-210 59, 9

1111111111 matium 151. 10, ,1111111111
59, 5, 111 ,1111111111 mmm 111. 24,
11111111 (Ξ mnium) uin-11 non
quaerit 11, 11,,11111111111 11,15,
1111111111, 111, 91

1111ρ1111111 ωερε-1111111, 7, 9, 5, 1, 14
5. 95, 59. 5. 15 bis, 119, 1. 9.
15, 125.15. 90, 151, 4⁴ 7, 10.
15. 95,111111111 15. 7, 14. 15, my>
111111 115. 15, „er-mentum 124,
10, 125. 11, 155, 15, 11111 191,
12, 199, 1, legen 159, 21, 150.
9, 1111111 mm 119, 7, 1111111111
197, 5, operarius 154, 15, 138,
51 haeretieorum 119, 12, duo 190,
5, baptismatum 195, 19,111,1-
timum baptizati 131, 15

baptizare «1111111011, 9, 91. 99, 91,
1, 115. 91, 197, 19Δ 15,151, 1.
7. 11, 191515, 155, 4 9,191.
20. 21⁴ 35, 155, 19, 111, 15

hamme entes 74. 5

11, 90, 91, 59, 1, 51,
11,52,11,55,1.9,55.1.19,
91. 7, 155, 9

beatitudo mm 111111 179, 5, 11511-
5111111 99, 90

bema ,1910111111 11, a, 52. 15, 177,
15. 15. 20 7115, 171, 5, 179, 11.
15. 15 , 175, 5. 5, beatissimus 151,
5, 1351, 195, 15, 170, 9ο, 171, 22

benum (oppos. 1111111) 59, 22, ge-
111 eum 11, 5, prouocare 15
be 151. 10, indicere 91, 7, 50.
17, inferre 90, 14, paz-1 154, 5,
cfr. 90, 7. 5. 9, 91, 10 (511). 25

51111 115 195, 5, uerbum 11, 195,

1, marito et bene 79. 17, (ι’. q.
reete, 11111150511111 5. 24, 159,
9, 171. 15, pertinere 13, 9,
5111 1415, nepte 15, 2, 111111
55, 15, ostendere 135, 5. 9,
11111111 159, 14 - 11. facere.
gignere. 11111111, 1115111, 11111111-
nm. 1111111111, 11111, uiuere

beneficium ome 111 10, 1, 91,17,
praestare 111115 ein 115, 5

5111111110. dei 54. 15

511151 90, 10, 95, 15, moribus

clau-

