uerborum ot locutionum.

aueum ὤμω-11 71, 19

num: (= 5111111111) 4114, 147, 21,
111ηὲ1911111111 alie-1111 (ε in axsi-
25111115111111515
109, 16, mon 155, 1’9,’,11έ1111’
175, 9, (appu. 1111) 170 2. 5.
11, 21³*- Ἰ45, 11, 511111 88, 7,
1111111111 50, 25, pateam 62, 5.
19, 51111 137, 15, mm 65, 14,
guum 157
mmu- 52,
14,14,21’;
171, 5, 150,

1111111111ᾞ151 24’

111 1151 = 111ι11 96. 9 (ψ. ³8.
dim& 79, 22, 79, 21, 141, 1,

1111111ηπψ15ῃ1111 uel 1111111) 44,
5 1111,1ο,75,5,129,14,179,15,
151, 15. 17, 152,21111,11,11,-1115
(111) 111111, 12. 5, 99, 10.11, 51,
15, 55, 1, 152, 15, (cfr. nac
11111111 (ιο, 111) 111 1111115111 70.
14, nec ιι, - quemquam 157,
20) 75, 9, 97, 5, 127, 7, 157,
25 - 11 111 1111 42, 4, 52, 25,
99, 4, 151. 1

  
   
 

11111111 155, 22,
nm 22, 2, 1 15,
7,47, 25;179. 121
inde 1111211194, 11

  

idolum est aliquid 116, 1 (cfr.
aliquid dicere 57. 15, 13⁷, S)
uliquid nouum 14. 5 - ali-
quorum 6. 7, 79, 12, 109, 9,
140, 9:
109. 22

‘ufssawsmsscff {⁰³ ἶῗι, ’Ζὶῗῧῖῗὲ

ema

aeten- 6991115114, ’4115)

aliut 111111111 173, 5, 1111111 »lin ratione
Β, 17ς1110111911079,2, 1110144,
15,.11111 uel alin 157,111-
(ἓί1511) 50, 19, 75, 24511, 90,
12, 190, 15,175,2, (2 cem-1, ε,
11, 11, 5, 92, 5, 57, 15, 194. 22,
(ἕ511111111) 72, ,1, 155, 1, 155,
6, inter 11151 127. 31 136. 131
144, 7, 11111- - 111111 149. 141
quur 91. 2. 3, ter 127. !3;

1111111111 5, 9, 99, 17,

155, 22. 25, 157, 1. 2, 11111 - J
ἦ amplam numum 10514

dion-mnu„ 1515, 1111 -
1111 99. 15, 100, 2, 1111111 ἡ
mun 5, 19, 10, 4, 52. 15, 95,

, 1111111 43. 251 ¹
162, 12, 1111111 92, 21, 5111 25, ,
21, 24,21, unamaliquam 43. 41 *

 

1. 2, 10⁷. 11.12,1θο,1. 2. aad.
et 178. 19. 20, tm. emehlbss, 12,
11191050 — 11111 148. 11; aliud et
mn est 101, 7, 111111 1111111111
14, ⁶, nihil 1111111 11111 5⁹. 21,
quid eae 1111111 11111 41. 7

altare 21, 11. 18 bis: 44. 171
52. 4. 18, 56. 11, 1418,.4,5. 24:
1111111 100, 6, 143. 1. 10< 20;
1114. 12, 13; 148. 6, 152. 12,
fungere 59, 9, 142. 5, 145, 17Δ
20, fragmentis 1111111111 145, 15,

¹ 111111 (= 1111119512, 11111111 mex

49. 25, ψ. 19,15, 59,17, 166.
25, (Ξ proximus) 62. 7, 64. s;
102, 9, 159, 14, 11151- uter 95,
11.12, 119, 114 12, 19, 190. 22,
157. 6. 7, aaa. 11119, 15, 190,
15. 14,1111111 ἡ 1111115, 10, 42,
12, 172, 15, aner ς alm — 11111
-11111 157, 5. 5, a 511111 15,
10, 55, 5, 11111 nonam 81.
15, 2³. 11 - ψ, 17, 19, 1115.
5, 22, 2ο, 24, 5511, 44, 1, 52,
17, 95, 7511, 95, 9. 10, 119,15,
125, 19. 20 1111 . 21 ιη, 172, 10,

murum 1111111111 2³. 9, 1111111111»
cibus 156. 15, altam nembem
145. 14, 1151111 11111 1111111 eat (cfr.
,11111 1111) 77, 5

111111111ἓ111111 91, 25, 95, 4, 147.

ωιὶῖἑ11ἓο.54,4, 101,5, 156, 19,

11111111, ,11 11111111 ..1111111111 101.
2 5.5.7,11111111111111511111511111
54, 2, 1111111 1111111111 (dolum 62.
22, ’70, 4, 172 5,172, 9

„nmium 2ο,9. 19

„mmm 11111111 1111111115 20,15

am50= 115111 ue 7,12, 74, 22, ψ.
75. 4, 152, 6, 1111511 125, 24,
164. 14

ambula-2 1: 111, appan. nm) 40,
5, 147, 4, 19

3 1111111 (mmmm.) 141. 1
. 1111111111 151, 11

amiserunt uixe· ehkognphn 82, 4
mnnrinuueentiae 171 18,111 more
alicuius 79 1214

in amplexu· properum 137.18
,1151111111 enez-211⁵ 1³9. ’1

251 ⁴

