296

0101 01 6, 17, 56, 3, 141, 18;
0101 forte c. ind. 42, 20, 0101
10110 quia 32, 13, 155, 2, 0101
quod 7, 19, 000 - 0101 u. 000,
quis (quidl 0101 41, 8, 43, 17 ;
143, 6, quid 001 quod — 0101
ut 177, 10, nec- nisi 39. 11 ,
001011 0101 181, 24, cfr. 36, 8;
84, 1, 88, 2, 109, 4, 124, 12

000010167, 23

0060 pacis iungere 95, 12

00110 0. infin. saepissime 00101 6,
1, 18, 10, 36, 3, 40, 7, 80, 10.
19. 21, 103, 3. 17, 121, 9: acc. 0.
impiet. 4, 21, 155, 16, 159, 21,
171,1; 05001. 6, 2, 33, 2, 60, 19,
99, 13, 164, 6, 133, 18. 21,
1507

nomen christianum (z christiani)
90, 14, catholicum 33, 13, 001-
sonae et 0010100 9, 4. 8, quorum
0010100 (= quos) 88, 14, 89, 10,
163, 24, Christi saepissime 10,
8, 98, 20, 174, 2. 5. 25, 176,
1, 601 (domini) passim 35, 15,
65, 4, 91, 14. 25, 111 0010100
001110 01611101 spiritus sanctii 41,
19; 99,2, 132, 1012. 22, 134,
23, 135, 7, 000100100 25, 6, 42,

ΙΠ.Ιο601

100, 3, intellegi 15, 13, 46,19,
116, 12, 126, 25, iuberi 19,16,
legi 69, 3, 131, 16;0000113, 14,
38, 14, 39, 13, 59, 12, probari
16,6 (010), uideri 108, 6, 126,
26, 144, 21

nominantes 0, interiectione u. 0
11011 = 006, 1, 64, 8, 134, 22,

= nihil 153, 14; 000 01100 4, 3,
52, 22, = 00000 52, 19. 22, 106,
4. 7. 10. 13. 16. 10, 00000110
12, 19, 39,3, 43, 9, 74, 3, 94,
19, 106,2,127,19, 137, 9, 149.
4,150,11, 166, 9, 180, 28 000-
0100, 000 00110 000 103, 7. 21,
000 -010169, 18, 75, 11, 91,
15, 97, 8, 12811, 143,2, 179,
15, 16, 181, 25 , 000 001010 —sed
01101116, 4, 11, 1, 91, 23, 155,
22, 0011 001010 - 006 01 3, 13, 0011
001010 000 - 006 011001 49, 12,
170, 1213, 0001001010 - 006
79, 12, 000 magis (minus) quam
165, 15 (73, 21), 000 tar-nen 179,
12, 000 101000 0120, 9, 000 -
000 98, 19, 121, 6 (n. nec); 000
Μ-ΜΆΒ
Nonas Octobr. 26, 14
000600180, 9

9, 1106110100130, 16, legis 160.
21, fraternitatis 5, 12, 10214,
01010110 94, 23, fidei 126, 6,
0101110 64, 11, communionis 178,

nonne 51, 21, 93, 14, 161, 13,
17018

0000011153, 6, 58, 3, 85, 15

nonnumquam 85, 19, 150, 14
19, 10 nominibus (= persenis) 00001 13,14,38,14, 39, 13, 59,
trinitatis 46, 2, cfr. 124, 21, 12,,0000025,16;102,9;123,9,
= dignitates 61, 6, sub 0010101- 173, 7, 000110 00011 38, 2, 97,
bus dicere 51, 12, - cfr. 11, 1, 00011 36, 10, 78, 18, 0000110
1, 54, 23, 69, 10 bis 11, 75, 36, 11, 0000101116, 4, 130, 6,
23, 86, 19, 103, 3. 4, 127, 5, 1321, 181,16
131,1, 134, 9, 135, 6, 155, 1, 0010 (= 0111010125, 15
175, 9 001010 uindicem 86, 8

nominare 49, 3, 5914, ret: 92, 001010 001 4, 21, 50, 19, 79, 10,
9, 116, 12, 174, 2. 3. 6, bene 90, 16, 01001500 97, 10
0.(-το100610010159, 11, --0010- 00000010 60, 21, linguae 63, 11
memorare 46, 8. 15 (oppos. in nouitas 72‚5; quaerere 145,]
silentio 1010111010 46, 17); 115001. 00000 46. 4, 98, 12, 145, 1, 164,
95, 3 3, Daniel 79, 20, 000001 aliquid

nominetenus 0. inf: unitas 11011 14, 5, nouissimus (i. q. ultimus)
temptaretur 68, 2, sepultura ex· 16, 15, 28, 9. 16

hiberi 00000000 001 83, 4, 001· nox: 0001000110 discessum 156,17
1010010οο 000100001010170,16, nube simplicitatis 58, 4, 60 113,
cfr. 610182, 17, 88, 5. 9, 95, 8, 20, 001 160, 28, nubibus 59, 17
118, 5, 147, 4, 166, 12, ferri Ι00501015021,151,651’0.7,13.15

 

