330 III. Index

21 , 120,13, 134, 3, 14912511. (plur.) 153, 4, 1111115, 11, pro
14; 151, 6, 163, 12, 170, 11, utrisque 121, 13
(11111 111). 15 (11111 111), 111 uteri 11111111 52, 21
1014,11162,12;78,8,138,2,1111 111 10, 12, 64, 7, 77, 2, 139, 5
51, 14, 11111 28, 11, 33, 20, 1111111111111171, 19
tantus 63,15,11111111144, 5, utinam 1. cosei. imperf. 10, 6, 40,
111111(11111)20,13,83,16, 135, 3, 133, 14,152, 2, 1711111.
20, 154, 5, futurum 1111104, 3, 43, 23
non 11111188, 4; 11111 = ns 11111147,1,66,13;106,18,107,
112, 7.18, 11111 165, 8, 111 4,112,6,133,23,134,7,149,
11-111111 173, 18,]111111. 7, 172, 7, 177, 3, 11 utique 56,
11 inf. 1. dicere, promittere 129, 13, 60, 15, 71, 6, 78, 13, 95,
17 - 1. indic. (= 11111, 11111 1, 149, 1, 181, 15, 1. 11122,
1111111111ωεὶ(111111)6,3.18, 910 · ψ
7, 8. 9. 15. 16, 10, 20, 14, 4, 1111111131. 11111111611, 33,
19.19,42, 14, 50,19,56, 17, 19, 93, 11 511, 105, 24, 120,
61, 9, 62, 2. 16, 66, 4, 67, 2, 16, 12311, 139, 11, 141, 3. 17,
74, 13, 84, 2, 114, 20, 121, 21, 147, 22, 148, 2, 154, 18, (cfr.
132, 20, 133, 19, 142, 2, 143, 1161111, Ital. p. 253, Ζ1111. f.
9. 21, 170, 20, 17610, 180, 5, 611111. 01111. 1884, p. 403)
om, uerbo 90, 11. 12, 10812. uulgo (1111111153, 13
14. 15, 161, 9, 11111111111111) uulnerare scissuram 94, 7
1111111111 6, 2, 10, 2, 21, 16, uulpes 155, 23
40, 15, 6814, 76, 6, 88, 3. 15, 1111111111 edacitas 53, 12
943.12,133,24,141,15,154, 111111181, 14 .
17 , 160, 17, 173, 9, 1. 1111159, uxor 94, 20, 97, 17, 152, 9, uxores
19; 11-1114, 1, 177, 7. 8, 505
111-11161,1 ·- 11. adducere, 11-
gere, 11111, 11111 (15, 4) 2111111 171, 14

uterque 1111119512, pars 102, 8, zelum: in zelo dei 1111111187, 17
123. 7, uox 164, 15, utrumque zizania 1111116913, 11111111169,
(11511. om.) 153, 7 111, utraque 19; 170, 16

 

