mo mmmx

disturbare pacem 51, 2 00101138, 13, oculorum 16, 7, 10011
01112. 10, 16. 18, 123, 22, 139, 001 00101 (= idem 00101 deus)
3, 0111110 152, 4 116, 8, 11 dolere 001 68. 22, cnm
dinagnie tempestas 15, 14 1 112, 3, 167, 22, pre dolor! 175, 26
diuellere: diuulsa membra 159, 6 ι 00110 38, 15, 157, 7
0110101100 seminum 169, 11 1 domesticnsLucillec 21‚15; indicium
diuersus 5, 9, 49, 20, 86, 2, 93. ² 159. 8, bestiolae 166, 29
18, 119, 13, 120, 8. 19, 169, 9, 1 0011110101011056,12,94,2,16817,
178, 19 i mense 136. 16; instrumente 158.
diuidere 1011110100) 68, 1, 144, 1, 101167. 30, lectiones 107, 12
11, cnm 000 77, 15, 78, 4, (1011111111101110135, 10,1100010136,
membra 178, 13 0001001011 18. 9,11010010110136,15;00111111136,
2, 39, 24, 178, 2, rami diuisi 23; (00101111010111111 137,3
93, 10, 0110110 diuisum 93, 19, 1 dominns agri 16912, cfr. 169, 14,
diuise corpora 0110111094, 22 1 cenes 001111001011010111154,1,
diuinitatis 001110110 65, 10 110 anime 0100 domines habere
diuinum indicium54, 1, 79, 1, 170, 1 potest 98, 9, (oppos. seruus) 62,
8, aque 72, 6, nomen 149, 5, lex 4. 9, 82,12. 13. 15 , 130, 2, 131.
91, 3, 152, 17, munus 127, 20, i 183=denssaepiscime35,15;63.
11010010 63, 2, 87, 1, 131, 19, 1 6, 124, 22, 133, 18, 144, 5, 160.
100 134. 3, prouidentia 24, 1, “ 32, 0010 0. 169, 14, 001 filiurn d.
sacramentum 142, 2, indi-1 171, 20, 181, 13 0000101, (opp.
cium 118, 7, praeconium 165. 1 operarius) 127, 16, 1319
13,10011110111118, 15, 111, 22, ³ domus ueritatis 14, 14, uacua . .
mmmmmmmmfflnmmmmmmmm
100,17,11000011041,8,6311, ³ 11111133, 3, 11 0011010179,
896, 011058. 18, 1011110511, 15, 11, 83, 4, domibus dei 74, 14,
testamentum 94,1 1 cfr, 95, 5. 6. 7. 13 010. 20 010,
0111010, 00 diuisione agitur 17, 23 1 11101110154,11, 10011 ed domum

, 01110010010111124, 15 . 137,16,1100(1111010110173.

01111100 46, 24, 177, 22 3, (εο0111110001101100194.19;
000010 10 60, 18, populum 107, 3, conuenerunt in domum 26, 12;efr.
inimicitias 107, 15; enm sapien· 39, 2, 166, 25. 26. 31
tiam 81, 6, cfr. 84, 9, absol. 60, donare 34, 2. 16; (i. q. remittere)
16; 65, 18, 74, 1. 9, 124, 16, peccate 56, 7, 176, 9, 0011010
165, 7. 15, 166, 14 bis (= pro· 56, 11, 00001010 34, 8
111011, dicere) 60,9; 160, 30, 177. 001111 145, 3
17, (= probare) 16, 10: 31, 3: Ι 00100 0111010 135, 22,
45, 16, 49, 5, 118, 7, 149, 20, r 00100 00010010011,17, 36, 6.20,
mmmmmmmmwnj mmmmeemmm
0. infin. 109, 2, 122, 22, 181, 6 1 21, 45,11. 16. 20. 24, 46, 11.
00010100 populorum 165, 11 1 15. 17. 18 011, 47, 24, 67, 3,
doctrina uitiosa 108, 10, simplex 126, 6; 01101036, 8, operari 55. 8
109, 15, doetrinae 10010. . . posi 1 01011010 01010. 54. 20, 73. 22,
doctrinam 70, 15. 16;perd. 140, 1 126. 28, 172, 4, 173, 22, 00 11-
20, cfr. 109, 3, 165. 16 1011001197, 3, 164, 1,170, 18,
documentis memoratis 31, 6, meni· 010110111 011232, cfr. 148, 19,
festissimis 118, 3 000. c. inf. 47,12,000.124,16,
001010 aliquid 4, 10, 50,11; 61, Ι dubius stetit 1110186, 4, 010100
12, 66, 10, 69,20,84,11, 116, 1 martyres 91, 12; 00110011 -
6, 172, 8, 000, 150, 15; 172, 5. dubium 101 001 u. 000. c. infin.
6; 173, 9, 0010111 19, 1, 000. 0. ducere 42, 19, 11 demum 1733, (=
inf. 147. 17; 156, 1 curare c. 000. c. inf. fui.) 152, 18

 

