280 ΙΙΙ. Index

22, 82, 17; 87, 10; 105, 1, 111, 1 0010100110), 19, 3, 51, 5, 60, 7,
1, 138, 7, 140, 22, 151, 12, 1 103, 22 ν
160, 9 1 ideo 89, 4, 8, 95, 7, 112,’ 16. 18,

humanitas exhibita 136, 16 1 125, 10, 130, 20, 160, 9, 181,
humanus 69, 14, 72, 6, 76, 19, 77, 1 26, praecedente quad 001 quia
183 102, 8, 104, 16, 122, 7, 133, 1 817, 11,9; 25,1, ideo 1111147,
10; 134,4,154,19,160, 27 11, 64, 6, 96,16, 16915, ideo
humiliato 00111014 57, 1, sapientia quod 62, 16, 81, 5, ideo et
humiliata 79, 17 Ι 121, 14, 41 ideo 161, 10, ideoque
humilis 57, 6, preces 82, 9, 1442 1 46, 10, 1. 04 46, 8, 65, 11, 04
humilitas 57, 410, 124, 9, 136, j ...idea 3, 9, ideo 111 165, 7,
24, 00011114114144110044 6, 15 1 172, 8. 9
humore oblitterata 166, 32 1 id 441 ec. is
1 idolum 115, 10.13.15; 111014 50,
140414 0110110445, 405440140114 1 13,51, 4, 59, 19, 91, 5. 7, 115,
18,6,01140101062,2 1 5. 8. 11, 116, 5, 146, 9. 11. 20
1401414 0111011131, 7, 52, 2, 54, 4, ’ 16004114 ad 55, 7, crimen 147, 4
119, 8, conuicium 146, 15, 1-- Iduum Maiarum 16, 12
gloriari) 82, 6 140101114014 69, 4
iacturam uitae 140414 120, 6 ieiunium parui 1010110114 23, 19
1401 10, 22, 36, 17; 42, 7, 51, 17, igitur saepissime: primo 1000 3, 11,
89, 19, 107, 24, 132, 11. 15, 24,9,35,20,42,5.18,60, 18,
168, 2 , 175, 10, 180, 20,,411100 104, 9, 147, 6, 168, 5, 174, 23,
1000 73, 5, 83, 17; 96, 24, 1 40000010156120, 14, 31, 5. 8,
10415, 118, 7, 133, 12, 142, 3, 68. 17; 91, 18, 92, 7, 108, 19,
155, 13. 20, 156, 8 1114. 1011, 1 120, 20, 13417, 143, 7, 151,
178, 16 saepiam 40000110 1000 ζ 1218,166,20,176,9,10014’01.
,1040000101 15,7,43,8, 44, 21, ! 6, 3, 38, 21, 109,17,114, 1,
75, 3, 78, 3. 22, 137,8, 149, 2, 1 120,7
163, 10,1410 00055, 2, 76, 14, 1 ignarum rerum 25, 18, 177, 12
77, 16 , 131, 22, 145, 20, 162, :ignibus gehennae 12, 16, inponere
44 1 2 librum 144, 4
iamdudum (=an1ea) 14, 6, 11, 20, ignorantia 36, 10, 1141716, 163, 19
10,30, 11,48, 7, 51, 16,61, 21, ignorare 12,16, 13,18, 15, 13,
78, 10, 80, 11, 94, 18, 112. 9, 153, 1, filium (10113017, igne-
127, 13 ; 138, 23, 144, 2. 11, 152, 1404 90, 22, 181,,12, ignorantes
5. 6, 163, 9, 177, 13 saepius 3414, 108,7,138, 19,-13110-
iam pridem 3, 4 140141 a. 0110011110 (cfr. 11504011,
140110104 140,4 1 Ζ14011. s. ‹ieiGyna 1884, 403)
141104 00010041495, 8, cfr. 95, 18 1 ignoscere aliquid 57,3;ignoeci 40141
ibi 9, 22, 10, 15, 38,4.21,122, 1 3612, 0040101057,5,160,11
14 bis. 17 ; 145, 6, ibi—ubi 91, ignotos 41 inimicos 54, 3, uitia. .
24, 144, 1. 2, 156, 1, ubi—ibi uomina 11, 2, pigmenii 134, 14
33, 1, 121, 6. 7, 1111 -- unde 11100 24, 12
163, 11 ille saepissime: 4, 3, 5, 9, 22, 21,
’ 1010 una adulteros percussit 89,6 51,14,139,16.19,156,11,159,
111011·οο 80,9 , 1611419,167,15.32,178,17;
1641040044οω0,εἰ4148,17,406401 ι = 14 45, 20, 47, 5, 92, 8, 97,
“ modo 6, 7, 178, 10; 14101101428, 1 20, 102, 9, 135, 5, 164, 13, 169.
1, 147, 3, hoc eodem 14011014 1 1415,178,16,1114111119,14,
50.13,111401 0001.10110.54,1, 1 1εο01114)53,11,70,9,71,1.7.
iidem 17, 9 (eccl cfr. adnoi·); 1 13,139,13, 140, 7, 151, 17;
isdem dat. 001 abl. 15, 11 (a. 1 stabularius ille Paulus 149,17,

 

