288 111. Index

iugulare 58, 3. 1215, 61, 5, 62,. 17,66ς61611695,9. 17, lapides
21, 63, 13, 64, 22 9617221116, petrobolos 94, 15
iugulos in hostiles ire 63, 2 lapsus meos 156,9; suos 156, 2
iugum seruile 24, 1 largitus 661 pater 33, 17
iungere scismaticos haereticis 13,4, 161616 sub silentio 22, 8; inter 30,
61112215, 6116611512, aliquid 12; in 50. 13, 155, 4, 157, 5,
95,12, 104, 5, iungi 42, 13; 157, apud 138, 19, 66661616173, 12,
2, 66116 capitum iuncta 66, 9 181, 19. 21, 16 1616611 corpore
iurare per 59, 1114. 16. 18, 60, 145, 2, fugere 61 161616 162, 5
1, 77, 10. 11, 86, 18 ’ 1616111166 desudatis 136, l
in iuratione (= iurando) 59, 13 (cfr. 161166 lingua 72, 17, quod 661 16-
11666611,Ζ16611. f. 6611161611. 1884, tinum 69, 12
401) , latitudo regnorum 33, 21
166 matrimonii 11, 19 161161 ex nominibus 1661616 86, 20
166616 66164, 20, 89, 9, 147, 10, 16116 54, 2, 58, 13. 14, 85, 21, 22,
616166 23, 12, 88, 16, cfr. 82, 951419, 141, 8;1atronibus'(=
6, 112, 12. 13, 131, 6, 139,13; homicidis) 66 tradere 21, 8
179, 3 1611661616 110, 11, 120, 13, 124, 14.
1661166616 57, 7 19. 24, 128,13; 154, 14
16611666116666 661106, 20 166616 aliquem 128, 6, 139, 13,
1661111659, 3,1165, 27 aquam 154, 16, parietes 58. 1,
iustus 165, 28 1116, 181,25,16611 153, 15, 154, 18, 1611616 153,
47,2, 71,10, 166,2,177,20- 18, pallas (codicem) 153, 5. 9
16616 (ε1616147, 10, cfr. 165, 17 516, pedes 124, 4. 8. 11, cfr.
iuuare: furore iuuante 53, 6 128‚16;153‚ 7, 154, 11. 23 016,
iuuenes 140, 18 - 661666 128, 11 , 166611 128, 3. 14,
1111166. accus. 62, 17, 103, 2 139, 14, 154, 21. 22, 16166 113.
13, 125, 3. 9. 13, 13916, 154,
Labi 156, 4, lapsi (episcopi sc. 15,155,3,656611116106,13,124,
traditores, turificatores) 27, 6, 21, 125, 10, 127, 22, 128, 6. 8.
65, 5, 66661661166177,13 18 , 139, 16. 18
labor 62, 21, 157, 10 1666616 (opp. damnare) 12, 1, bene
laborare 66 6661616 138, 10, aba. 121, 17;cfr.5,17; 35, 15. 20,
29, 4, 111 119, 15, 6. insin. 22, 47, 24, 59, 4, 10, 87, 17, 138,
21, 34, 15, 54, 13, 75, 9, 144, 5, 154, 6, 17821, 180, 17
17 laus 7. 9, 8, 9, 10, 22, 30, 10, 41,
16661616 aliquem 101, 10, 16661611 3,]21.12, 122, 1. 8, 139, 18,
operarii 9, 4, 611153, 8 166666 35, 21 , 48, 3
lacrimas facere 666 4, 4, 70, 2, a. lectio: (=1iber 661 libri 166116) pa·
indicare, siccari triarcharum69,2;Geueseorum122,
16666 661111661114, 19, 115, 6. 13, 8,66166666661661166661166161105,
116, 3, fodiantur 115, 9, 666611 14, 166116666 dominicas 107, 12,
115, 10, 6116661 116, 3. 18 cfr. 108, 2. 6, 110, 1, 116, 11,
laedendus nemo 616186, 24 121,16, 132, 18, 13912, 147,
1661611 re 50, 6, quod 164, 2 21, 22, 152,14; 170, 20, 177,2
1661111616 erubescendam 49, 17 16616121, 14, 165, 14, 167. 25
1616161, 19 , 178, 20, 180, 4 legalibus sacramentis 11, 19
1666134, 68, 150, 10 legere apostolum 62, 3, 140, 15,
languere 59, 17, 145, 18 1661616661616 94, 2, 166116666 147,
1661616 membra 66616616651, 8, 144, 21. 22 , preces 78, 9, epistulas 30,
10, 66666 dominos 54, 3 14, 148, 1, sententia legitur 28,
lapideae tabulae 161, 15 11, 1616611666 1631161692, cfr.
lapis 95, 10, 149, 8, 161661616 38, 139, 12,1661616661104,21; 105,

 

